428	428	0.6046803593635559
488	488	0.6128746867179871
126	126	0.6492589116096497
304	160	-0.32009071111679077
369	369	0.6270270943641663
61	918	-0.3856707215309143
461	214	-0.38352149724960327
590	108	-0.4002602696418762
461	461	0.637203574180603
672	672	0.7903637290000916
460	264	-0.3968687057495117
457	994	-0.3858988881111145
25	25	0.6378226280212402
329	854	-0.3771170377731323
717	926	-0.5239371657371521
792	193	-0.45223140716552734
460	385	-0.3922913074493408
969	918	-0.4605410695075989
796	581	-0.4486522674560547
436	436	0.7122901678085327
581	796	-0.4486522674560547
232	880	-0.3842698335647583
801	143	-0.3521319627761841
581	387	-0.379824161529541
39	503	-0.3963555097579956
489	807	-0.3590437173843384
805	805	0.7183354496955872
390	526	-0.38389259576797485
761	362	-0.37342363595962524
436	413	-0.3274891972541809
856	856	0.8264787793159485
264	50	-0.3055131435394287
394	425	-0.22935199737548828
838	838	0.7300170063972473
428	256	-0.27919304370880127
871	871	0.8039115071296692
284	913	-0.34856438636779785
343	343	0.714229166507721
812	812	0.7493513226509094
126	457	-0.3349268436431885
390	256	-0.32185840606689453
284	284	0.6285906434059143
871	718	-0.35236096382141113
304	109	-0.38881200551986694
39	592	-0.44430649280548096
47	47	0.6712788939476013
919	489	-0.385675311088562
796	171	-0.44864946603775024
778	778	0.7067778706550598
175	992	-0.3905332088470459
996	372	-0.37815243005752563
140	140	0.6318820118904114
172	172	0.6911868453025818
606	550	-0.42348504066467285
383	383	0.664774477481842
721	927	-0.4574298858642578
267	428	-0.3084615468978882
815	934	-0.4718132019042969
55	172	-0.3907684087753296
232	232	0.6837098002433777
475	475	0.684884250164032
503	39	-0.3963555097579956
294	45	-0.3519604802131653
595	558	-0.3876100778579712
385	172	-0.32513636350631714
425	394	-0.22935199737548828
267	55	-0.3619096279144287
815	143	-0.3437473177909851
143	815	-0.3437473177909851
172	55	-0.3907684087753296
55	284	-0.29255616664886475
256	45	-0.2925850749015808
108	812	-0.3851476311683655
606	918	-0.3900284767150879
996	996	0.6722397804260254
842	44	-0.3698120713233948
327	343	-0.4511708617210388
79	516	-0.43981581926345825
457	718	-0.34853166341781616
390	390	0.6922836899757385
239	239	0.6018123030662537
417	264	-0.3343846797943115
13	171	-0.3214378356933594
436	124	-0.448918879032135
264	417	-0.3343846797943115
756	489	-0.3634271025657654
256	413	-0.31743788719177246
387	744	-0.41854459047317505
718	871	-0.35236096382141113
143	801	-0.3521319627761841
516	516	0.8183813691139221
264	264	0.6316820979118347
205	84	-0.4015316963195801
799	50	-0.3397974371910095
362	58	-0.40832072496414185
713	383	-0.37625813484191895
50	39	-0.385744571685791
614	508	-0.42690348625183105
56	369	-0.3449481725692749
508	508	0.6936209797859192
109	143	-0.32480889558792114
302	421	-0.28973352909088135
641	641	0.7986237406730652
50	304	-0.37654364109039307
600	600	0.6722904443740845
47	805	-0.3260771632194519
944	944	0.7932911515235901
205	205	0.6791424751281738
541	541	0.7815658450126648
13	13	0.6338518261909485
488	413	-0.2462162971496582
992	175	-0.3905332088470459
369	56	-0.3449481725692749
304	85	-0.3638114929199219
175	200	-0.38479936122894287
761	153	-0.5021089911460876
718	457	-0.34853166341781616
58	200	-0.42496007680892944
950	852	-0.46991199254989624
918	918	0.6992447972297668
969	969	0.7838650941848755
526	390	-0.38389259576797485
61	61	0.6927763819694519
313	44	-0.4313162565231323
153	153	0.8614265322685242
124	275	-0.43622392416000366
792	792	0.8148143887519836
39	307	-0.424068808555603
747	232	-0.3951008915901184
852	950	-0.46991199254989624
397	397	0.6707738041877747
565	600	-0.43710857629776
160	304	-0.32009071111679077
516	79	-0.43981581926345825
866	866	0.8421749472618103
140	84	-0.17180109024047852
461	417	-0.2909240126609802
284	205	-0.33522361516952515
160	160	0.7412202954292297
805	47	-0.3260771632194519
950	950	0.7498381733894348
799	799	0.7292898297309875
387	226	-0.467751681804657
56	880	-0.28892797231674194
637	108	-0.2685791850090027
672	969	-0.3623759150505066
832	832	0.6945409178733826
304	304	0.6924582719802856
193	854	-0.3118366003036499
383	475	-0.26499080657958984
383	713	-0.37625813484191895
275	124	-0.43622392416000366
385	264	-0.3864535093307495
489	489	0.7024759650230408
372	996	-0.37815260887145996
581	581	0.7413561344146729
172	385	-0.32513636350631714
150	385	-0.4115580916404724
637	503	-0.41900354623794556
226	124	-0.42603689432144165
150	641	-0.41647863388061523
307	39	-0.424068808555603
397	369	-0.2916693687438965
614	614	0.6660246253013611
508	614	-0.4269033670425415
385	385	0.6865074634552002
205	284	-0.33522361516952515
193	193	0.6661059260368347
372	699	-0.32494020462036133
699	172	-0.4895644187927246
162	489	-0.3765912652015686
44	842	-0.3698120713233948
362	761	-0.37342363595962524
108	387	-0.37395864725112915
854	329	-0.3771170377731323
239	25	-0.334980309009552
918	606	-0.3900284767150879
717	854	-0.4147647023200989
713	713	0.6917409300804138
550	606	-0.42348504066467285
747	226	-0.42669135332107544
503	503	0.7449180483818054
47	232	-0.3154618740081787
595	595	0.6940531134605408
950	832	-0.4360620975494385
108	108	0.6698734760284424
873	329	-0.31072157621383667
79	697	-0.44632667303085327
994	457	-0.3858988881111145
747	747	0.7402445077896118
47	744	-0.33669549226760864
637	713	-0.3800417184829712
205	162	-0.37467843294143677
569	569	0.7563161849975586
153	362	-0.4458516240119934
872	872	0.7409529089927673
284	55	-0.29255616664886475
721	721	0.754612147808075
457	126	-0.3349268436431885
369	13	-0.31008195877075195
950	126	-0.3917050361633301
162	205	-0.37467843294143677
56	56	0.6263055205345154
45	294	-0.3519604802131653
226	226	0.7113197445869446
926	717	-0.5239371657371521
385	460	-0.3922913074493408
718	944	-0.4039332866668701
918	969	-0.4605410695075989
934	815	-0.4718132019042969
226	747	-0.42669135332107544
200	200	0.7046650052070618
503	637	-0.41900360584259033
880	880	0.664114236831665
328	614	-0.33971166610717773
141	141	0.6909531354904175
761	761	0.800853967666626
421	302	-0.28973352909088135
325	325	0.806347668170929
913	913	0.6771601438522339
47	460	-0.3678346872329712
657	569	-0.45981407165527344
307	307	0.7673065066337585
55	55	0.646375834941864
417	417	0.5840595364570618
413	56	-0.339687705039978
918	61	-0.3856707215309143
239	428	-0.3561537265777588
153	761	-0.5021089911460876
600	565	-0.43710857629776
13	369	-0.31008195877075195
85	55	-0.39981788396835327
699	372	-0.32494020462036133
214	214	0.6237260699272156
425	425	0.6571562886238098
819	819	0.8391122221946716
457	457	0.6712645888328552
214	461	-0.38352149724960327
366	366	0.6463536620140076
852	852	0.847262442111969
214	79	-0.4358646869659424
701	701	0.7425520420074463
550	550	0.6814094185829163
657	267	-0.3949818015098572
328	366	-0.30876755714416504
807	44	-0.3434540033340454
143	302	-0.2897706627845764
162	590	-0.42366307973861694
58	362	-0.40832072496414185
718	390	-0.41459769010543823
569	657	-0.45981407165527344
178	799	-0.4035375118255615
859	859	0.8762007355690002
708	708	0.8012391924858093
919	919	0.7556338310241699
557	557	0.694644033908844
369	595	-0.34540021419525146
171	796	-0.44864946603775024
697	79	-0.44632667303085327
397	541	-0.3593657612800598
590	590	0.7596955895423889
302	214	-0.2800248861312866
801	801	0.6343082189559937
193	792	-0.45223140716552734
503	460	-0.39776289463043213
44	44	0.6906678080558777
313	327	-0.37219512462615967
45	256	-0.2925850749015808
489	162	-0.3765910863876343
880	56	-0.28892797231674194
232	747	-0.3951008915901184
926	926	0.7618923783302307
807	807	0.6755567193031311
109	304	-0.38881200551986694
294	996	-0.3319885730743408
927	927	0.77467280626297
329	801	-0.33029496669769287
657	657	0.7003459334373474
744	387	-0.41854459047317505
428	267	-0.3084615468978882
343	327	-0.4511708617210388
267	606	-0.40847957134246826
372	372	0.6433359980583191
992	992	0.7105920910835266
460	503	-0.39776289463043213
313	313	0.6845327019691467
162	162	0.7210249304771423
556	556	0.8508314490318298
56	13	-0.33096516132354736
13	457	-0.36601805686950684
934	934	0.8054726719856262
413	256	-0.31743788719177246
815	815	0.702362596988678
44	807	-0.3434540033340454
485	150	-0.27931129932403564
168	168	0.7862626314163208
397	275	-0.3718481659889221
913	996	-0.3553541898727417
812	108	-0.3851476311683655
214	302	-0.2800248861312866
200	175	-0.38479936122894287
590	162	-0.42366307973861694
39	50	-0.385744571685791
413	413	0.5839150547981262
294	294	0.6696718335151672
143	143	0.621049165725708
461	807	-0.37303030490875244
657	126	-0.35709863901138306
366	328	-0.30876755714416504
302	801	-0.33460742235183716
327	327	0.7394356727600098
538	538	0.6867346167564392
417	239	-0.2576955556869507
428	239	-0.3561537265777588
387	387	0.7296894192695618
713	637	-0.3800417184829712
239	461	-0.390561580657959
873	873	0.6632446646690369
328	328	0.6523346304893494
606	538	-0.3999822735786438
778	366	-0.32323241233825684
814	814	0.857774019241333
799	178	-0.4035375118255615
538	421	-0.3263968229293823
302	302	0.5832206606864929
85	304	-0.3638114929199219
172	699	-0.4895644187927246
387	108	-0.37395864725112915
13	56	-0.33096516132354736
756	756	0.7223524451255798
394	394	0.6483590006828308
788	788	0.7376169562339783
637	637	0.6647182106971741
327	313	-0.37219512462615967
109	109	0.6718209385871887
697	697	0.8310839533805847
141	61	-0.3047932982444763
50	50	0.6628895401954651
275	397	-0.3718481659889221
343	550	-0.2841188907623291
973	973	0.7368510961532593
854	854	0.6670568585395813
175	175	0.5955291986465454
267	267	0.6479435563087463
84	84	0.6144276261329651
256	428	-0.27919304370880127
61	854	-0.4377049207687378
55	267	-0.3619096279144287
796	796	0.8001576066017151
413	488	-0.2462162971496582
973	447	-0.3739590048789978
558	595	-0.3876100778579712
489	919	-0.38567519187927246
58	58	0.6339418888092041
329	372	-0.2843649983406067
84	205	-0.4015316963195801
460	47	-0.3678346872329712
150	150	0.6939737796783447
168	436	-0.41199296712875366
854	193	-0.3118366003036499
485	485	0.7076277732849121
385	150	-0.4115580916404724
275	275	0.7290359139442444
124	124	0.7902037501335144
744	744	0.7278788685798645
109	508	-0.3807573914527893
913	284	-0.34856438636779785
457	13	-0.36601805686950684
372	329	-0.2843649983406067
606	267	-0.40847957134246826
108	637	-0.2685791850090027
461	239	-0.390561580657959
460	460	0.7080913186073303
39	39	0.7430166006088257
508	109	-0.3807574510574341
362	153	-0.4458516240119934
25	239	-0.334980309009552
267	657	-0.3949818015098572
50	799	-0.3397974371910095
304	50	-0.37654364109039307
226	387	-0.467751681804657
744	47	-0.33669549226760864
390	718	-0.41459769010543823
175	421	-0.26022452116012573
58	421	-0.26808756589889526
526	526	0.7621365785598755
558	558	0.7422286868095398
595	369	-0.34540021419525146
256	256	0.5954616665840149
302	143	-0.2897706627845764
50	264	-0.3055131435394287
880	614	-0.4368712306022644
592	592	0.8149821162223816
489	756	-0.3634271025657654
807	489	-0.35904359817504883
880	232	-0.3842698335647583
805	327	-0.4052339792251587
565	565	0.7539791464805603
232	47	-0.3154618740081787
143	109	-0.32480889558792114
126	950	-0.3917050361633301
717	717	0.7786116003990173
592	39	-0.44430649280548096
421	175	-0.26022452116012573
718	718	0.719240128993988
417	461	-0.2909240126609802
927	721	-0.4574298858642578
832	950	-0.4360620975494385
327	805	-0.4052339792251587
721	872	-0.38249415159225464
124	226	-0.42603689432144165
614	328	-0.33971166610717773
550	343	-0.2841188907623291
994	994	0.7219908833503723
264	385	-0.3864535093307495
842	600	-0.2830408215522766
421	58	-0.26808756589889526
256	390	-0.32185840606689453
784	784	0.7776874303817749
436	168	-0.41199296712875366
45	45	0.6385579109191895
150	485	-0.27931129932403564
79	214	-0.4358646869659424
84	140	-0.17180109024047852
541	397	-0.3593657612800598
854	717	-0.4147647023200989
996	294	-0.33198851346969604
854	61	-0.4377049207687378
55	85	-0.39981788396835327
801	302	-0.33460742235183716
447	973	-0.3739590048789978
79	79	0.7284753918647766
369	397	-0.2916693687438965
801	329	-0.33029496669769287
699	699	0.7305564880371094
56	413	-0.339687705039978
807	461	-0.37303030490875244
171	171	0.699801504611969
942	942	0.8485016226768494
126	657	-0.35709863901138306
600	842	-0.2830408215522766
329	873	-0.31072157621383667
842	842	0.6605717539787292
232	275	-0.40894508361816406
413	436	-0.3274891972541809
421	538	-0.3263968229293823
44	313	-0.4313162565231323
447	447	0.6825048327445984
85	85	0.7148944139480591
969	672	-0.3623759150505066
872	721	-0.38249415159225464
614	880	-0.4368712306022644
366	778	-0.32323241233825684
641	150	-0.41647863388061523
108	590	-0.4002602696418762
387	581	-0.379824161529541
239	417	-0.2576955556869507
329	329	0.624181866645813
475	383	-0.26499080657958984
178	178	0.7675616145133972
124	436	-0.448918879032135
421	421	0.5696706175804138
944	718	-0.4039332866668701
362	362	0.7495653033256531
538	606	-0.3999822735786438
275	232	-0.40894508361816406
171	13	-0.3214378356933594
61	141	-0.3047932982444763
200	58	-0.42496007680892944
606	606	0.7244808673858643
996	913	-0.3553539514541626
264	460	-0.3968687057495117
